(((((Human:0.00655,
    Chimp:0.00684):0.027424,
   Rhesus:0.037601):0.109934,
  (Mouse:0.084509,
  Rat:0.091589):0.271974):0.020593,
 Dog:0.165928):0.258392,
Opossum:0.340786);
